Deep CNN Report:
               precision    recall  f1-score   support

   toothpaste       0.73      0.68      0.70        99
       marker       0.81      0.78      0.80        65
       orange       0.98      0.93      0.96        92
       garlic       0.94      0.94      0.94       126
     food_can       0.83      0.67      0.74        64
   toothbrush       0.94      0.94      0.94       111
   flashlight       0.99      0.98      0.99       196
rubber_eraser       0.85      0.63      0.73       111
   coffee_mug       0.98      0.99      0.98        90
      stapler       0.83      0.88      0.85        97
     mushroom       0.53      0.96      0.68       126
     scissors       0.59      0.68      0.63        40
      shampoo       0.90      0.86      0.88        63
         bowl       0.96      0.93      0.94        94
       banana       0.87      0.74      0.80        62
     food_bag       0.77      0.66      0.71        65
        lemon       0.98      0.97      0.97        96
   glue_stick       0.81      0.84      0.82       124
        plate       0.94      0.66      0.77        88
         ball       0.87      0.73      0.79        82

     accuracy                           0.85      1891
    macro avg       0.85      0.82      0.83      1891
 weighted avg       0.87      0.85      0.85      1891


Confusion Matrix:
67 1 0 0 0 0 0 11 0 5 4 3 6 0 1 0 0 1 0 0
0 51 1 0 0 0 1 0 0 1 3 2 0 1 0 2 0 2 0 1
1 0 86 0 0 2 0 0 0 0 0 0 0 3 0 0 0 0 0 0
2 0 1 119 0 3 0 0 0 1 0 0 0 0 0 0 0 0 0 0
0 1 0 0 43 1 0 0 0 0 4 1 0 0 0 1 1 10 0 2
0 2 0 2 0 104 1 0 0 0 0 0 0 0 0 0 0 1 0 1
0 0 0 3 0 0 193 0 0 0 0 0 0 0 0 0 0 0 0 0
9 0 0 0 0 0 0 70 0 0 19 9 0 0 1 0 0 3 0 0
0 0 0 0 0 0 0 0 89 0 1 0 0 0 0 0 0 0 0 0
7 0 0 0 0 0 0 0 0 85 5 0 0 0 0 0 0 0 0 0
0 0 0 0 0 0 0 0 0 0 121 0 0 0 0 2 0 0 3 0
4 0 0 0 1 0 0 1 1 0 3 27 0 0 0 0 0 3 0 0
2 0 0 0 0 0 0 0 0 7 0 0 54 0 0 0 0 0 0 0
0 3 0 0 0 0 0 0 0 2 2 0 0 87 0 0 0 0 0 0
0 0 0 0 0 0 0 0 0 0 13 0 0 0 46 1 0 1 1 0
0 3 0 0 2 0 0 0 0 0 17 0 0 0 0 43 0 0 0 0
0 0 0 0 0 0 0 0 0 0 0 1 0 0 0 1 93 1 0 0
0 1 0 2 1 1 0 0 1 0 5 2 0 0 1 2 0 104 0 4
0 0 0 0 0 0 0 0 0 1 25 0 0 0 0 2 1 0 58 1
0 1 0 0 5 0 0 0 0 0 6 1 0 0 4 2 0 3 0 60
