Traditional CV Report:

               precision    recall  f1-score   support

         ball       0.36      0.26      0.30        99
       banana       0.51      0.37      0.43        65
         bowl       0.52      0.27      0.36        92
   coffee_mug       0.40      0.29      0.34       126
   flashlight       0.33      0.28      0.31        64
     food_bag       0.75      0.46      0.57       111
     food_can       0.20      0.84      0.32       196
       garlic       0.44      0.36      0.40       111
   glue_stick       0.54      0.32      0.40        90
        lemon       0.58      0.31      0.40        97
       marker       0.55      0.44      0.49       126
     mushroom       0.19      0.15      0.17        40
       orange       0.61      0.35      0.44        63
        plate       0.73      0.40      0.52        94
rubber_eraser       0.53      0.29      0.38        62
     scissors       0.44      0.22      0.29        65
      shampoo       0.60      0.30      0.40        96
      stapler       0.41      0.23      0.29       124
   toothbrush       0.57      0.23      0.33        88
   toothpaste       0.66      0.35      0.46        82

     accuracy                           0.37      1891
    macro avg       0.50      0.34      0.38      1891
 weighted avg       0.49      0.37      0.38      1891


Confusion Matrix:
26 0 1 4 1 2 39 12 0 5 0 2 0 2 0 2 0 2 1 0
0 24 2 1 4 1 24 0 0 1 0 1 0 0 1 2 0 2 0 2
1 1 25 13 0 0 40 0 0 0 1 0 1 7 0 0 3 0 0 0
3 2 4 37 3 1 55 1 1 0 0 2 3 3 1 5 3 1 1 0
4 0 0 3 18 2 23 0 1 0 2 1 0 0 0 1 1 6 0 2
0 0 2 1 2 51 45 0 0 0 0 1 1 1 0 1 1 2 1 2
3 1 2 12 1 5 164 0 0 0 1 0 0 1 0 2 0 1 1 2
6 0 0 1 1 0 42 40 1 8 0 4 2 0 0 0 0 5 0 1
0 0 0 0 1 0 38 1 29 0 6 3 0 0 6 0 2 3 0 1
11 0 0 1 0 0 40 6 1 30 1 1 2 0 1 0 0 3 0 0
2 0 0 2 1 0 46 1 1 1 55 0 1 0 2 1 1 1 9 2
3 4 0 0 2 0 14 4 1 0 3 6 1 0 1 0 0 1 0 0
7 0 3 1 0 0 22 3 1 2 0 0 22 0 0 0 1 1 0 0
0 0 7 5 0 1 38 3 0 1 1 0 0 38 0 0 0 0 0 0
1 0 0 0 0 0 23 4 3 3 5 1 0 0 18 1 0 3 0 0
1 7 0 3 3 0 22 3 3 0 4 1 0 0 0 14 2 0 2 0
2 0 0 4 0 1 43 3 8 0 1 1 2 0 0 0 29 2 0 0
1 4 0 2 12 0 46 6 4 1 3 7 1 0 3 0 3 28 0 3
1 4 2 3 0 0 37 3 0 0 15 0 0 0 1 1 1 0 20 0
1 0 0 0 5 4 31 0 0 0 2 0 0 0 0 2 1 7 0 29
